sample	sex	age	age_group	social_rank	cd3tcells	bcells	nkcells	cd8tregulatory	cd4tcells	cd8tcells	cd4tregulatory	nonclass_monocytes	inter_monocytes	class_monocytes	batch
0A9	FEMALE	14.67	4	LOW	28.8	34.4	36.8	0.68	17.4	8.43	3.84	26.7	50.4	22.9	1
0C7	MALE	13.83	3	MEDIUM	69.7	17.3	13.1	2.25	33.9	30.5	9.88	10.8	14.9	74.3	1
0J4	MALE	9.92	3	MEDIUM	59.1	28.2	12.7	1.44	26	18.8	5.84	7.49	6.03	86.5	1
0L1	MALE	8.92	3		47.1	48.5	4.41	0.72	36.5	7.19	5.13	17	2.64	80.3	1
0P0	MALE	6.92	2		21.7	45.8	32.6	0.4	11.8	8.45	2.9	17.4	60.2	22.3	1
0R8	MALE	6.08	2		40.8	32.4	26.7	1.47	23	14.6	3.65	27.7	52.9	19.4	1
0S5 INF	MALE	0.5	1		71	21.8	7.29	0.71	42.8	20.4	3.44	5.63	3.76	90.6	1
0S5	FEMALE	6.08	2		69.7	18.4	12	1.12	22.7	39.9	2.69	30.9	17.2	51.9	1
1A3	FEMALE	14.75	4	LOW	47.7	30.9	21.4	2.16	27.8	16.2	4.57	37.4	47.2	15.4	1
1B0	FEMALE	14.75	4	LOW	51.9	33.9	14.2	2.14	27.4	20	4.27	13.9	7.11	79	1
1G0	FEMALE	10.83	3	LOW	53.4	41.1	5.43	1.09	30.7	19.8	5.76	14.6	6.3	79.1	1
1H6	FEMALE	10.67	3	LOW	74.5	23.4	2.13	2.46	43.5	23.2	5.74	4.19	12.3	83.5	1
1I6	FEMALE	9.75	3	LOW	52.3	33.5	14.2	1.07	20.4	27.7	3.2	59.5	9.64	30.9	1
1J0	MALE	9.75	3		53	37.1	9.91	1.01	30	18.4	4.08	8.72	20.6	70.7	1
1L5	FEMALE	8.83	3	LOW	61.6	37.2	1.23	1.3	32.6	22.7	2.53	6.17	11.5	82.3	1
1S4	MALE	5.92	2		48.5	32.2	19.3	1.58	30.1	13.6	4.47	22.1	11.8	66.1	1
2A2 INF	FEMALE	0.25	1		65.5	33.5	0.92	0.42	48.6	13.3	4.59	2.26	1.13	96.6	1
2A2 	FEMALE	14.75	4	LOW	74.3	11.9	13.9	1.88	47.4	22	6.05	20.1	19.9	60	1
2C9	MALE	13.83	3		51.1	19.7	29.2	1.5	23.2	15.7	4.73	31.3	66.1	2.61	1
2.00E+04	FEMALE	12.83	3	HIGH	63.6	33.8	2.59	1.24	40.1	16.8	5.59	4.57	3.05	92.4	1
2I2	MALE	9.83	3		64.1	28	7.93	1.3	30.5	27.6	4.71	19.5	18.9	61.5	1
2N6 INF	MALE	0.5	1		74.8	21.8	3.38	0.58	56.4	13.8	3.8	3.11	11.7	85.2	1
2N6 	FEMALE	7.92	2		47.9	47	5.1	0.96	28.3	15.4	4.08	6.79	11.8	81.4	1
2N8	MALE	7.92	2	LOW	52.6	39.1	8.35	1.41	31.4	16.9	5.11	4.97	4.05	91	1
2N9	MALE	8	3		54.9	30.4	14.7	1.19	24.2	17.1	5.03	25.7	12.1	62.2	1
2R1	MALE	5.92	2		57.8	31.9	10.3	2.68	26.9	22.3	6.74	12.6	5.06	82.3	1
3L2	MALE	8.92	3		75.6	18.5	5.96	1.22	34.1	36.7	5.29	14.1	11	74.9	1
3M2	MALE	8	3	LOW	69.2	21.6	9.18	2.71	34.6	26.1	3.38	20.7	22.3	57	1
3P3	MALE	6.92	2	LOW	43.4	31.9	24.7	1.6	22.6	15.1	3.69	22.6	15	62.5	1
3S3	FEMALE	5.83	2		62.6	29.2	8.29	1.98	41	15.7	11.8	27.1	9.39	63.5	1
4G8	MALE	10.83	3	LOW	59.6	28	12.4	2.32	36.6	19.6	7.11	10.3	4.43	85.2	1
4K7	MALE	8.83	3	LOW	47.1	37.6	15.3	2.49	31.9	11.3	7.96	25.9	6.35	67.8	1
4M3	MALE	8	3		44.2	34.6	22.3	2.46	29.3	9.54	4.41	1.35	1.73	96.9	1
4M1	MALE	7.92	2		61.9	36.7	1.42	1.41	29.7	26.4	4.9	3.99	1.78	94.2	1
04N	FEMALE	19.42	4	HIGH	69.9	27.5	2.56	1.5	36.1	29.2	9.07	7.73	16.7	75.6	1
40L	FEMALE	19.67	4	MEDIUM	49.5	28.1	22.4	1.17	29.4	15.2	7.37	37.6	51.9	10.5	1
4Q9	MALE	5.92	2		38.7	41.8	19.5	1.44	18.1	16.8	2.96	28.9	21.4	49.7	1
04T	MALE	16.75	4	MEDIUM	54.4	26.3	19.3	1.49	27.5	19.2	3.45	17.4	14.1	68.4	1
04Z	MALE	15.5	4		36.9	31.5	31.5	0.82	23.9	10.2	4.43	47.7	36.5	15.8	1
59A	FEMALE	26.75	4	MEDIUM	47.7	40.3	12	1.45	23.3	19.4	3.9	10.6	9.04	80.4	1
5C0	FEMALE	13.75	3	HIGH	49.4	30.9	19.8	1.62	35.1	10.9	3.25	34.5	44.7	20.9	1
5G3	MALE	10.92	3		67	29.8	3.21	1.47	31.2	30.9	3.22	29.8	11.7	58.5	1
5K8	MALE	8.83	3	HIGH	46	50.4	3.55	1.25	26.8	12.7	5.77	3.63	1.3	95.1	1
5L7	FEMALE	8.92	3	LOW	63.1	22.6	14.3	1.48	31.8	26.3	3.94	15	6.3	78.7	1
50I INF	MALE	0.58	1		49.7	48.2	2.2	0.45	35.7	11	2.57	4.59	9	86.4	1
50I	FEMALE	21.67	4	MEDIUM	58.1	29.7	12.2	1.83	30.9	21.3	2.92	13.6	33.4	53	1
5P3	MALE	6.75	2		44.8	38.1	17.1	0.69	22.5	18.3	3.29	27	28.8	44.2	1
5Q8 INF	FEMALE	0.58	1		56.4	41.4	2.19	0.5	38.8	13	3.55	13.7	3.31	82.9	1
5Q8 	FEMALE	5.83	2		59.8	32.1	8.05	0.77	36.8	15.9	4.46	9.79	16.7	73.5	1
5R6	MALE	6.08	2		47.5	36.1	16.4	1.86	31.5	11.5	4.42	14	8.77	77.3	1
6B8	MALE	13.75	3	MEDIUM	54.3	26.5	19.2	1.25	23.2	12.5	3.28	12.2	3.68	84.2	1
6C9	FEMALE	13.42	3		49.7	42.2	8.1	0.77	25.4	19.7	3.83	23.3	13.1	63.5	1
6N0  	MALE	7.92	2		40.4	35.6	24	1.55	19.9	12.1	1.67	28.1	39.4	32.4	1
6P5	MALE	6.92	2		40.3	40.1	19.6	2.16	22.7	13.8	3.42	37.4	30	32.6	1
6Q2 INF	FEMALE	0.33	1		61.2	37.6	1.15	0.58	46	11.9	1.98	8.34	8.04	83.6	1
6Q2 	FEMALE	6	2		58.6	31.8	9.53	1.09	31.1	22.3	3.98	6.51	9.15	84.3	1
6Q5	MALE	6.08	2		47.8	34.9	17.2	0.51	31.7	10.9	7.32	19.3	7.05	73.6	1
7B2	MALE	13.83	3		68.9	20.1	11	1.03	28.1	36.1	2.73	20.2	19.9	59.9	1
7J8 INF	MALE	0.67	1		59.9	31.3	8.06	1.25	40.3	15	4.1	16.8	21.1	62	1
7J8	FEMALE	7.92	2	LOW	44.8	27.7	28.1	1.3	29	12.8	6.2	15.8	43.7	40.5	1
7K8 INF	FEMALE	0.42	1		49.3	26.5	24.2	0.22	35.4	7.35	2.52	34.1	51.2	14.7	1
7K8  	FEMALE	8.92	3	MEDIUM	51.6	36	12.4	1.04	31.4	16	5.87	18.2	9.38	72.5	1
7P0	MALE	6.92	2	LOW	51.4	22.9	25.7	0.77	25	20.8	3.03	13.1	10.5	76.4	1
73S	MALE	16.75	4		82	15.3	2.75	1.55	50.2	26	10.2	19.9	17.4	62.6	1
8A7 	MALE	14.75	4	LOW	48.6	48.6	3.67	0.76	25.7	19.9	5.26	9.15	11.2	79.6	1
8C0	MALE	12.83	3		48.8	35	16.2	0.71	28.1	17.2	6.6	23.2	12.4	64.4	1
8D2	MALE	12.58	3		78.2	16.7	5.06	0.86	32.4	40.6	5.95	11.7	15.5	72.9	1
8H0	MALE	10.83	3		72.8	24.2	3.09	1.54	41.7	20.8	11.7	2.19	5.89	91.9	1
8K1	MALE	8.83	3	LOW	40.3	41.2	18.4	1.3	24.4	12.6	5.28	17.1	8.7	74.2	1
8N3	FEMALE	7.83	2	MEDIUM	43.6	33.9	22.5	1.11	25.9	12.9	4.28	13.2	6.49	80.3	1
8P8	FEMALE	6.92	2		55.4	38.2	6.43	1.84	35.5	15.7	7.15	33.3	13.6	53.1	1
8Q5	MALE	5.92	2		64.7	25.2	10.1	1.15	41.2	18	3.98	22.5	16.1	61.4	1
8R5	FEMALE	5.83	2		48.2	29	22.9	1.76	25	20.2	4.12	30.9	28.6	40.5	1
9C1	FEMALE	12.83	3	HIGH	54.8	29.9	20.7	3.16	29.1	17.6	5.82	15.6	43	41.5	1
9D8	FEMALE	12.83	3	HIGH	50.8	43	6.21	1.24	30.8	15.1	5.91	17.3	9.72	73	1
9H7 INF	FEMALE	0.58	1		54.9	41.9	3.21	0.44	39.6	11.5	2.7	29.8	22	48.1	1
9H7 	FEMALE	10.83	3	MEDIUM	75.7	18	6.37	1.7	46.1	23.5	3.1	18.7	10.7	70.6	1
9D1	MALE	12.83	3		34.8	39.7	25.5	1.24	19.7	12.6	2.86	39.6	41.7	18.8	1
12Z	MALE	15.67	4		52.1	42.4	5.48	1.31	26.6	20.9	4.54	3.97	11	85	1
17K	MALE	20.75	4		51	26.5	22.5	1.22	22.5	24.5	5.04	49.4	16.8	33.8	1
28G	FEMALE	22.58	4	LOW	62.6	34	3.49	1.04	35.4	21.3	9.5	4.77	15.3	79.9	1
28J	FEMALE	21.42	4	LOW	53.3	18.3	28.3	0.8	32.1	13.1	9.08	30.9	59.6	9.46	1
33T	MALE	16.67	4	HIGH	52.4	33.7	13.8	1.43	29	16.8	5.14	8.09	8.74	83.2	1
43V	MALE	15.67	4		57.3	23.2	19.5	0.88	22	31.5	3.54	29.4	58	12.6	1
52P	FEMALE	18.67	4	LOW	73.8	16	10.2	3.56	34.8	32.4	10.6	22.1	20	57.9	1
61R	MALE	17.67	4	HIGH	83.6	15.1	1.23	2.88	46.2	31.5	7.38	2.58	5.88	91.5	1
63V INF	FEMALE	0.5	1		27.9	70.5	1.6	0.45	19.1	4.94	2.31	14	9.76	76.2	1
63V	FEMALE	15.75	4	LOW	48.6	35.4	17	1.13	28.5	15.7	7.76	48.8	15.6	35.6	1
64P	FEMALE	18.67	4	MEDIUM	55.4	25.6	19	0.61	31.5	18.6	4.18	29	57.8	13.2	1
73V	MALE	15.75	4		69.8	22.5	7.71	1.22	34.3	31.3	7.94	6.47	20	73.6	1
77I	MALE	21.58	4	HIGH	60.1	28.5	11.3	2.9	31.1	18	7.37	4.66	2.5	92.8	1
78I	FEMALE	21.67	4	MEDIUM	39.7	48.5	11.7	0.85	28.6	8.14	7.01	2.76	2.87	94.4	1
79Z	FEMALE	14.75	4	MEDIUM	74.5	22.4	3.11	0.75	36.8	32.9	3.36	17.6	9.1	73.3	1
81O	MALE	18.75	4	HIGH	51.8	40.1	8.03	1.45	31.8	15.4	6.31	6.09	1.83	92.1	1
82L	FEMALE	19.5	4	MEDIUM	67.5	17.7	14.8	0.75	33	20.4	6.34	53.5	42.9	3.66	1
96B	MALE	25.58	4		52.9	44.7	2.37	1.49	28.8	17.3	5.6	11.6	6.29	82.1	1
98T	FEMALE	15.58	4	HIGH 	68	28.8	3.22	1.37	39	23.2	8.03	17.8	8.48	73.8	1
0A4 INF	MALE	0.5	1		20.3	78.9	0.87	0.057	12.9	4	1.34	5.77	2.55	91.7	2
0A4	FEMALE	20.67	4	MEDIUM	64.6	35.4	0.03	0.82	31.3	27	3.7	0.24	0.048	99.7	2
0C6 INF	MALE	0.5	1		35.1	64	0.85	0.11	25.6	7.21	2.1	11.3	1.4	87.3	2
0C6	FEMALE	14.92	4		50.9	49	0.068	0.72	21.4	22.5	1.58	1.22	0.89	97.9	2
0I5 INF	FEMALE	0.5	1		37	61.8	1.23	0.057	25.6	7.59	1.07	8.77	1.19	90	2
0I5	FEMALE	12.08	3	MEDIUM	76.3	29.2	0.043	0	40.1	29.6	2.63	0.93	0.04	99	2
0I6	FEMALE	11.83	3	MEDIUM	55.8	30	14.2	0.3	25.5	24.4	2.58	45.4	9.98	44.6	2
0L1	MALE	10.08	3	MEDIUM	46.5	50	3.47	0.48	26.4	15.5	3.55	1.47	0.27	98.3	2
0P8	MALE	8.08	3	LOW	59.4	33.8	6.76	0.21	19.1	35.3	1.07	22.4	17.3	60.4	2
0R8	MALE	7.25	2	MEDIUM	61.1	37	1.94	0.4	23.2	31.1	1.69	9.89	2.83	87.3	2
1A3 INF	FEMALE	0.5	1		32.2	67	0.76	0.084	24.6	4.69	1.27	13.5	1.99	84.5	2
1A3	FEMALE	15.92	4	LOW	52.7	31.9	15.4	0.47	24	22.2	2.05	23.6	29.3	47.1	2
1R7	MALE	7.33	2		43.6	55.5	0.9	0.36	20.6	20.3	1.62	2.04	0.041	97.9	2
2C9	MALE	15	4	MEDIUM	76.1	13.4	10.5	0.66	37.3	27.2	3.37	48	46.1	5.88	2
2I2	MALE	11	3	MEDIUM	62.8	34.5	2.73	0.37	29.6	27.1	2.57	15.6	6.64	77.8	2
2J2	FEMALE	11.08	3	LOW	67.9	32.1	0.06	0.31	37.9	25.1	1.65	0.4	0.37	99.2	2
2N9	MALE	9.17	3	LOW	54.3	42.7	3.01	0.34	20.3	19.8	2.33	13.5	5.21	81.3	2
3S3	FEMALE	7	2	LOW	70.6	27.9	1.51	0.83	42	23.3	4.53	10.2	5.82	84	2
4C3	MALE	14.92	4		32	67.9	0.11	0.21	19.1	9.93	1.07	0.12	0.05	99.8	2
4S5	MALE	6.83	2	LOW	62.2	36.2	1.67	0.39	35.4	21.7	2.15	2.95	1.41	95.6	2
5D9	FEMALE	14	4		43.7	55.5	0.81	0.5	32.4	8.42	4.6	2.14	0.48	97.4	2
5Q0	MALE	8.17	3	LOW	42.7	53	4.22	0.2	24.9	12.7	1.62	15.9	3.74	80.4	2
5G3	MALE	12.08	3	HIGH	48.9	51	0.091	0.28	18.5	23.7	2.04	1.74	0.46	97.8	2
6N0	MALE	9.17	3	LOW	42	56.8	1.2	0.46	22.2	16.7	1.49	3.51	7.28	89.2	2
6P5	MALE	8.08	3	LOW	50	49.8	0.18	0.15	29.3	15.7	1.41	4.03	3.27	92.7	2
6Q5	MALE	7.25	2	LOW	51.8	48.1	0.11	0.32	39.6	9.36	3.64	0.77	0.24	99	2
7G1	MALE	12.08	3	LOW	44.4	55.5	0.14	0.45	27.4	13.8	3.06	0.72	0.41	98.9	2
7M3	MALE	9.08	3	LOW	67.7	30.1	2.2	0.45	39	21.7	4.56	8.36	6.25	85.4	2
8D2	MALE	13.83	3	HIGH	66.6	23.9	9.53	0.78	23.3	35.1	2.04	34.5	3.42	62.1	2
8D6	MALE	14	4		48.7	50.4	0.87	0.57	12.9	31.2	1.98	14.3	5.95	79.8	2
8.00E+08	FEMALE	13	3	LOW	46.8	52.9	0.33	0.51	25.9	14.4	2.17	11	4.92	84	2
8K1	MALE	10	3		54.2	40.4	5.37	0	28.6	21.4	0	21	4.01	75	2
9D1	MALE	14	4	HIGH	34.7	48.3	17	0.21	16.2	16.2	1.8	43.5	14.2	42.3	2
17K	MALE	21.92	4	MEDIUM	58.9	32.1	8.97	0.32	26.9	29	2.59	10.2	3.76	86	2
18Z	MALE	16.67	4	HIGH	70.2	29.4	0.43	0.35	29.7	31.4	2.55	1.94	0.33	97.7	2
30Z	MALE	17.08	4		57.9	39.3	2.78	0.39	41.1	14.3	2.72	4.76	4.92	90.3	2
36V	MALE	17.17	4	MEDIUM	44.7	55.2	0.098	0.59	18	23.7	1.37	0.83	0.18	99	2
37N	MALE	20.67	4	LOW	48	51.2	0.81	0.82	25.6	18.2	4.57	4.43	1.6	94	2
42L	FEMALE	20.83	4		81.8	17.6	0.58	0.49	24.4	47.7	2.22	11.7	4.65	83.7	2
43F	FEMALE	23.92	4	HIGH	74.3	24.7	1.02	0.34	29.8	34.9	1.63	6.88	2.54	90.6	2
53E	FEMALE	24.83	4		22.8	48	29.1	0.2	10.8	10.3	1.38	50.1	40.7	9.18	2
78T	FEMALE	17.83	4		58.6	34.4	7.04	0.49	28.1	26.6	1.94	30.7	9.22	60.1	2
79Z INF	MALE	0.5	1		33.3	66.4	0.35	0.049	26.3	4.73	1.53	2.38	0.63	97	2
79Z	FEMALE	16	4	LOW	67.3	32.7	0.019	0.1	23.5	36.6	1.16	0.31	0	99.7	2
93R	MALE	19	4	LOW	72.9	27.1	0.089	0.48	27.9	41.2	3.2	2.17	0.53	97.3	2
93Z	FEMALE	15.83	4		67.8	32.1	0.18	0.34	39	23.7	2.71	1.94	0.59	97.5	2
98K	MALE	21.58	4		80.4	19.6	0.029	0.18	19.3	58.1	0.84	2.33	1.33	96.3	2
98T	FEMALE	16.83	4	LOW	64.7	34.4	0.87	0.4	33.3	26.7	2.86	9.53	1.57	88.9	2
0J4	MALE	11.42	3	MEDIUM	71.1	13	15.9	0.82	15.7	50.2	2.05	11.6	9.92	78.5	3
0P0	MALE	8.25	3	LOW	57	21.1	21.9	0.53	22.9	30	3.59	7.14	5.12	87.7	3
00V INF	FEMALE	17.17	4	HIGH	39.1	45.6	15.3	0.29	21.5	14.1	0.78	20.8	5.07	74.1	3
1B1	MALE	16.25	4	HIGH	36.9	10.5	52.6	0.56	8.96	25	1.11	28.5	10.1	61.4	3
1G1 INF	MALE	0.5	1		46.8	51.8	1.43	0.74	17.8	21	0.98	0.68	0.063	99.3	3
1G0	FEMALE	12.17	3	LOW	78	18.2	3.77	0.78	37.8	35.5	4.77	0.43	1.07	98.5	3
1G1	FEMALE	12.25	3	HIGH	58.7	29.8	11.5	1.11	27.2	24.6	2.56	10.6	1.36	88	3
1I6	FEMALE	11.25	3	LOW	63.9	17.6	18.6	0.92	26	32.4	2.25	25.2	3.61	71.2	3
1J0	MALE	11	3	HIGH	59.2	22.4	18.4	0.63	21.7	31.9	3.85	8.15	8.13	83.7	3
1L5	FEMALE	10.08	3	LOW	73	20.6	6.37	0.59	34.9	33.1	4.12	12.1	6.21	81.7	3
2A5 INF	FEMALE	0.5	1		36.6	48.1	15.4	0.51	23	8.46	0.71	7.44	10.7	81.8	3
2A7 INF	MALE	0.5	1		66.1	32.5	1.36	1.36	36.2	17.2	0.95	4.39	8.34	87.3	3
2A5	FEMALE	16	4	LOW	46.4	26.6	27	0.47	26.8	13.8	3.47	5.63	5.57	88.8	3
2A7	FEMALE	16.17	4	LOW	77.8	6.02	16.2	1.43	29.6	35.3	4.76	15.6	12.8	71.6	3
2K1	FEMALE	10.17	3	LOW	65.6	20.7	13.7	1.24	33.7	26.4	3.31	12.9	18.5	68.6	3
2N8	MALE	9.42	3	MEDIUM	67.8	8.49	23.7	0.88	36.5	26.1	3.1	8.3	6.61	85.1	3
3I9	MALE	11.33	3	MEDIUM	75.4	8.33	16.3	0.64	28	38.7	1.66	5.35	5.87	88.8	3
3J8	MALE	11	3	LOW	53.4	26.4	20.1	1.06	26.6	21.8	4.61	7.06	7.86	85.1	3
3L1	MALE	10.33	3	LOW	69.1	7.29	23.6	0.74	22.1	36.3	1.69	29.3	26.4	44.3	3
3L2	MALE	10.25	3	HIGH	68.9	25.9	5.24	0.62	34.6	30.4	5.42	29.1	11.8	59.1	3
3M2	MALE	9.42	3	LOW	37.8	39	23.2	0.88	17.7	12.3	2.03	4.53	3.96	91.5	3
4D3	MALE	14.33	3	LOW	80	12.5	7.52	1.48	21.5	54.7	1.02	7.66	17	75.4	3
4M1	MALE	9.25	3	LOW	72.3	21.4	6.31	2.35	21.3	28.4	3.41	1.78	4.48	93.7	3
4M3	MALE	9.25	3	LOW	79.4	7.61	12.9	0.78	48.7	22.7	2.83	27.2	13.9	58.9	3
04N INF	FEMALE	0.5	1		45.4	50.7	3.92	0.76	24.6	9.88	2.06	2.19	1.55	96.3	3
04N	FEMALE	20.67	4	HIGH	67.3	27.4	5.29	0.84	32.7	29.2	7.35	3.86	3.43	92.7	3
04T	MALE	16.75	4	MEDIUM	64.9	4.37	30.7	0.81	32.1	28.3	3.42	14.8	32.6	52.6	3
04Z	MALE	15.5	4		41.5	34.1	24.4	0.5	17.1	20.7	3.04	11.4	7.18	81.4	3
5B2	MALE	15	4		70.6	14.5	14.9	0.72	23.8	39.9	4.45	1.62	2.42	96	3
5C0	FEMALE	13.75	3	HIGH	55.3	11.3	33.4	0.87	22.1	28.5	4.83	26	26.1	47.9	3
5.00E+04	MALE	13.08	3		52.7	21.6	25.7	0.3	19.6	29.4	1.26	13	4.01	83	3
5K3 INF	MALE	0.5	1		65.2	23	11.8	1.35	30.9	23	1.19	8.9	4.4	86.7	3
5K3	FEMALE	10.33	3	MEDIUM	62.3	31.8	5.94	0.88	30.3	19.3	3.23	1.04	0.15	98.8	3
5K8	MALE	10.33	3	MEDIUM	57.9	27.2	14.9	0.98	26.9	21.9	3.82	4.41	0.62	95	3
5P4	MALE	8	3		70.3	25.4	4.24	3.74	35.3	26	3.65	3.4	2.58	94	3
5R6	MALE	7.5	2	MEDIUM	52.2	32.7	15.2	0.95	30.9	15.6	4.57	1.67	1.25	97.1	3
6B8	FEMALE	15.25	4	MEDIUM	52.5	5.58	41.9	0.69	24.9	21.2	2.54	12.7	15.1	72.2	3
6C5	FEMALE	15.08	4	LOW	47.4	17.9	34.6	0.81	24.5	14.5	4.08	22	16	62	3
6C9	MALE	14.83	4	MEDIUM	53.5	10.6	35.9	0.58	18.1	33.3	2.71	19.2	18.5	62.3	3
6F0	MALE	13.25	3	LOW	59.8	25.4	14.7	1.24	31.2	21.5	5.08	5.34	0.9	93.8	3
6I9	MALE	11.42	3	LOW	64	14	22	0.57	26	33.3	2.05	2.68	2.61	94.7	3
6K2	FEMALE	10.33	3	LOW	66.5	33.2	0.33	0.47	22.2	40.3	1.98	0.31	0.37	99.3	3
6P9	MALE	8.5	3	MEDIUM	47.6	21.5	30.9	0.67	21.4	21.8	2.1	8.62	1.11	90.3	3
7A2	MALE	16.33	4	LOW	89.2	10	0.78	0.45	29.8	49.2	1.47	1.1	2.18	96.7	3
7B7	FEMALE	15.08	4	LOW	38.2	27.5	34.3	0.59	23	10.4	6.03	10.4	34.7	54.9	3
7J8	FEMALE	11.15	3	LOW	51	14.8	34.2	1.11	30.1	13.6	5.95	10.1	9.12	80.8	3
7K8 INF	FEMALE	0.5	1		49.8	42.8	7.35	0.64	26.1	14.7	0.74	4.05	11.9	84.1	3
7K8	FEMALE	10.42	3	MEDIUM	55.7	13.2	31.1	1.09	23.2	25.2	1.62	12.6	11	76.3	3
7C4 INF	FEMALE	0.5	1		67.4	27.6	5.02	0.35	41.5	20.5	0.79	13.1	19.9	67	3
7C4	FEMALE	15.25	4	MEDIUM	60.9	19.5	19.6	0.84	33	23.2	5.54	10.3	7.25	82.4	3
8A9	MALE	16.25	4	HIGH	51	41.2	7.81	0.73	24.5	21.8	3.49	7.41	8.95	83.6	3
8C0	MALE	14.08	4	HIGH	64	14	22	0.98	35	22.8	6.68	5.81	2.76	91.4	3
8H0	MALE	12.25	3	HIGH	65	27	7.99	0.86	31.3	23.9	6.09	1.16	0.72	98.1	3
8P8	FEMALE	8.15	3	HIGH	70.1	24.3	5.63	0.75	31.6	32.1	4.17	12.5	5.24	82.3	3
8C4	MALE	7.42	2		54.8	20.6	24.6	0.43	14.9	35.8	1.41	3.7	7.37	88.9	3
8R5	FEMALE	7.33	2	LOW	50.8	13.7	35.5	1.18	15.3	31.4	1.88	23.2	28.3	48.5	3
9D8 INF	FEMALE	0.5	1		68.9	19.2	11.9	1.58	35.6	21.3	1.28	11.6	11.1	77.3	3
9D8	FEMALE	14.25	4	HIGH	51	16.4	32.6	0.74	21.7	25	2.21	21	16.5	62.5	3
9.00E+05	MALE	13.25	3	HIGH	47.9	23.1	29	1.48	23.5	15.5	3.4	5.36	8.67	86	3
9H7 INF	MALE	0.5	1		55.5	33.7	10.7	1.95	35.1	11.8	2.81	9.26	1.86	88.9	3
9H7	FEMALE	12.25	3	LOW	71.2	19.4	9.47	1.19	35.6	27.4	3.25	12.1	1	86.8	3
9I6 INF	MALE	0.6	1		58.1	37.7	4.21	0.64	36.8	11.2	1.06	2.57	5.23	92.2	3
9I6	FEMALE	11.08	3	LOW	67.9	29.4	2.73	1.61	41.3	19.7	5.17	5.6	4.73	89.7	3
4k7	MALE	10.25	3	LOW	49	34.1	16.9	1.03	31	11.3	7.36	9.5	2.2	88.3	3
9C1	FEMALE	14.33	4	HIGH	61.9	16	22.1	0.88	28.2	29.4	3.04	20.8	35.8	43.4	3
11Z	MALE	17.08	4		73.6	15.7	10.8	1.34	28.6	37.8	7.22	2.68	7.38	89.9	3
12Z	MALE	17	4	MEDIUM	54.2	14	31.7	0.73	25.2	21.4	3.59	8.65	10.1	81.3	3
30L	MALE	20.92	4		48	38.9	13.1	0.54	26.6	17.4	3.39	8.79	8.19	83	3
43V	MALE	17.08	4	MEDIUM	68.2	7.69	24.1	0.66	24.3	37.4	4.39	27.5	61.5	11	3
44T	MALE	18	4		70.3	23	6.72	0.48	30.9	34.3	3.27	0.65	0.62	98.7	3
48L	MALE	21	4		69.1	16.5	14.4	0.92	28.4	34.2	2.58	1.41	2.82	95.8	3
50I	FEMALE	22.92	4		43.9	20.4	35.8	0.98	18.7	21.1	2.37	12.8	11.6	75.6	3
51Z	FEMALE	16.25	4	LOW	43.3	14.9	41.8	1.24	18.7	19.7	3.43	9.52	11.6	78.8	3
52P INF	MALE	0.5	1		71.2	25.7	3.07	1.87	39.7	21.1	1.35	15.8	7.31	76.9	3
52P	FEMALE	20	4	LOW	65.3	23	15.6	1.02	33	26	8.39	0.96	3.48	95.6	3
52Z	FEMALE	16.33	4	MEDIUM	65.3	24.6	10.1	1.87	23.8	33.2	4.43	8.04	0.65	91.3	3
59A	FEMALE	28	4	MEDIUM	65.8	29.4	4.74	0.74	32.5	21.3	4.1	2.17	1.87	96	3
63V INF	MALE	0.5	1		43.6	54.8	1.57	0.52	17.5	13.4	0.74	2.55	6	91.5	3
63V	FEMALE	17	4	LOW	64.6	26.9	9.29	1.76	34.1	23.3	6.64	0.7	0.59	98.7	3
64P	FEMALE	19.92	4	MEDIUM	42.7	9.02	48.3	1.15	19.2	18.8	4.57	15.5	54.7	29.8	3
77I	MALE	23.08	4	HIGH	52.9	9.48	37.6	1.98	24.2	23	5.82	4.47	10.6	85	3
82L	FEMALE	20.91	4	MEDIUM	51.7	23.7	24.6	0.48	21.8	24.6	2.44	38	54.2	7.79	3
93E	MALE	13.25	3	LOW	50.1	25.1	24.8	0.99	29.3	14.5	4.17	14.4	3.14	82.5	3
93T	FEMALE	17.25	4	MEDIUM	84.8	8.92	6.28	2.4	35.4	35.7	5.22	11.7	0.73	87.6	3
95V INF	FEMALE	0.5	1		65.6	27.9	6.54	0.59	43.7	16.5	1.97	7.69	9.73	82.6	3
95V	FEMALE	17.08	4		55.6	30.1	14.3	0.88	25.1	26.5	4.88	6.24	3.51	90.3	3
810	MALE	20.25	4	HIGH	62.3	12.2	25.5	2.09	30.4	26.8	2.21	5.89	13.7	80.4	3
0G9	MALE	12	3		54.9	13.3	31.8	0.71	28.6	21.2	4.37	11.4	10.6	78	3
AW5	MALE	2.17	1		33.1	63	3.96	0.15	20.7	10.4	1.98	12.1	5.05	82.9	2
AK5	FEMALE	2.17	1		53.8	45	1.2	0.35	32.2	18	3	9.05	3.85	87.1	2
AX5	FEMALE	2.25	1		35	62.5	2.59	0.11	19.5	12.9	1.58	14.4	14.5	71.1	2
AK2	FEMALE	2.08	1		48.1	50.4	1.45	0.17	31.3	13.2	3	15.5	2.7	81.8	2
AD0	FEMALE	3.25	2		30.7	69	0.34	0.15	16.3	11.9	1.43	2.28	2.45	95.3	2
AW4	FEMALE	2.33	1		35	64.8	0.17	0.14	24.7	8.4	2.1	6.07	2.41	91.5	2
8Z1	FEMALE	3.25	2		36.8	63.1	0.072	0.19	23.2	10.5	2.56	1.07	0.14	98.8	2
6Y7	FEMALE	3.33	2		35.3	63.8	0.95	0.14	21.6	11	1.6	0.7	5.88	93.4	2
7Z1	FEMALE	3.25	2		48.7	50.6	0.67	0.35	20.6	25	3.05	0.43	2.44	97.1	2
9Z3	FEMALE	4.33	2		24.4	75.5	0.085	0.041	17.5	5.35	1.33	0.93	0.19	98.9	2
AV8	MALE	2.33	1		24.4	74.8	0.82	0.14	13.6	8.82	0.91	7.12	4.07	88.8	2
AN7	FEMALE	2.25	1		37.8	61.5	0.71	0.16	22.3	13.3	1.12	6.59	2.42	91	2
AM6	MALE	2.25	1		24	75.9	0.079	0.062	17.3	4.89	0.96	1.48	0.082	98.4	2
AJ4	FEMALE	2.25	1		48.7	50.4	0.84	0.2	32.9	12.9	2.21	5.72	7.27	87	2
AX7	MALE	2.42	1		31.4	49.2	19.4	0.11	20.3	9.17	1.33	49.3	14	36.7	2
AN0	FEMALE	2.25	1		33.1	66.8	0.11	0.096	18.9	11.7	0.89	4.34	0.16	95.5	2
BR7	FEMALE	2.17	1		38.5	60.6	0.91	0.14	22.5	13.3	1.72	1.45	1.93	96.6	2